170461.5 10885.14 172791.5 13215.12 173790 16543.66 178782.8 15877.95 179448.5 19206.49
181778.5 20870.76 180114.2 23866.45 179115.7 26862.13 180447.1 29857.82 182777.1 31522.09
185772.8 31854.94 188435.6 33519.21 189434.1 37513.46 191764.1 37846.31 192429.8 37180.6
195758.4 40176.29 200418.3 39510.58 202415.5 41174.85 202748.3 45834.81 203414 50494.76
204412.6 51493.32 207741.1 51493.32 209738.2 50494.76 213399.6 50161.91 216728.2 50494.76
221721 50494.76 225382.4 51493.32 228045.2 53823.3 236033.7 52824.74 240360.8 51160.47
242357.9 49829.05 242025.1 48164.78 245353.6 49163.34 246019.3 53490.45 244022.2 57817.55
245353.6 62144.65 243689.3 66471.75 237365.1 70798.85 237365.1 76457.37 235700.8 78121.64
237698 82115.88 235700.8 89438.67 234369.4 93765.77 234369.4 98758.58 233370.9 102087.1
229043.8 103085.7 230375.2 106747.1 232372.3 109409.9 228378.1 116067 225382.4 118397
221055.3 118729.8 218725.3 116399.8 218725.3 110408.5 218725.3 106747.1 218725.3 102752.8
215396.8 99757.14 213066.8 96428.6 210736.8 92434.35 208074 90770.08 205078.3 89105.81
204079.7 85111.57 202082.6 82115.88 199419.8 82448.74 197089.8 81783.03 193761.2 80784.47
191098.4 78787.34 188102.7 76124.51 185439.9 76790.22 184108.5 71464.56 184108.5 64141.77
182111.4 61811.79 180447.1 62477.5 175787.1 60147.52 175454.3 55820.42 172791.5 52159.03
169795.8 51160.47 168797.2 47499.08 163471.5 45501.95 162140.1 43837.68 157480.2 43837.68
156814.5 39510.58 155150.2 38844.87 151821.7 41174.85 148826 41840.56 143833.2 39510.58
141503.2 36847.75 137841.8 36847.75 134846.1 32187.8 135511.8 28859.26 135511.8 26529.28
133514.7 25197.86 136843.2 20870.76 143167.5 22202.18 147494.6 23533.59 147827.4 27527.84
148160.3 30523.53 152487.4 30523.53 155483 27527.84 158811.6 26529.28 162805.8 24865.01
165801.5 21869.32 166467.2 17209.37 167132.9 13215.12
